1
2
8
10
13
20
23
24
27
37
39
40
44
45
49
50
52
57
64
65
66
67
68
69
70
73
78
83
84
86
90
101
103
107
117
122
124
131
135
139
145
152
154
159
167
168
170
176
178
179
180
183
184
185
193
199
200
201
210
211
220
221
224
229
235
237
241
242
255
256
257
258
263
264
265
266
267
270
274
275
276
277
278
280
284
285
295
301
312
313
314
315
318
319
325
330
337
344
352
354
358
359
363
365
376
377
394
395
399
403
412
414
415
418
419
420
422
423
427
434
436
437
443
447
448
449
450
460
463
468
469
471
473
474
475
477
479
485
488
492
494
501
510
511
513
517
524
529
532
535
538
548
549
555
563
566
568
573
579
581
583
586
1
2
8
10
13
20
23
24
27
37
39
40
44
45
49
50
52
57
64
65
66
67
68
69
70
73
78
83
84
86
90
101
103
107
117
122
124
131
135
139
145
152
154
159
167
168
170
176
178
179
180
183
184
185
193
199
200
201
210
211
220
221
224
229
235
237
241
242
255
256
257
258
263
264
265
266
267
270
274
275
276
277
278
280
284
285
295
301
312
313
314
315
318
319
325
330
337
344
352
354
358
359
363
365
376
377
394
395
399
403
412
414
415
418
419
420
422
423
427
434
436
437
443
447
448
449
450
460
463
468
469
471
473
474
475
477
479
485
488
492
494
501
510
511
513
517
524
529
532
535
538
548
549
555
563
566
568
573
579
581
583
586
