1
2
8
10
13
20
23
24
27
37
39
40
44
45
49
50
52
57
64
65
66
67
68
69
70
73
78
83
84
86
90
101
103
107
117
122
124
131
135
139
145
152
154
159
167
168
170
176
178
179
180
183
184
185
193
199
200
201
210
211
220
221
224
229
235
237
241
242
255
256
257
258
263
264
265
266
267
270
274
275
276
277
278
280
284
285
295
301
312
313
314
315
318
319
325
330
337
344
352
354
358
359
363
365
376
377
394
395
399
403
412
414
415
418
419
420
422
423
427
434
436
437
443
447
448
449
450
460
463
468
469
471
473
474
475
477
479
485
488
492
494
501
510
511
513
517
524
529
532
535
538
548
549
555
563
566
568
573
579
581
583
586
0
4
5
6
7
9
11
12
14
15
16
17
18
19
26
30
31
34
35
38
41
42
47
48
51
53
54
55
56
58
59
60
61
62
63
71
72
75
76
77
79
80
81
82
85
87
88
89
91
92
93
94
95
96
97
98
99
100
102
104
105
106
108
109
110
111
112
113
114
115
116
118
119
120
121
123
125
127
129
130
132
133
134
137
138
140
142
143
144
146
147
148
149
150
151
153
155
157
158
160
161
165
166
169
171
172
173
177
182
186
187
188
189
190
191
192
194
195
196
198
203
204
205
206
209
212
214
215
217
218
219
222
223
225
226
227
228
230
231
232
234
236
238
239
240
243
244
245
246
247
248
249
250
251
252
253
254
259
260
261
262
268
271
272
273
279
281
282
283
286
287
288
289
290
291
292
294
296
297
298
299
302
303
304
305
306
307
308
309
310
311
316
317
320
321
322
323
324
326
327
328
329
331
332
334
335
336
339
340
341
342
343
345
346
347
348
349
350
351
353
355
356
357
360
361
362
364
366
367
369
372
373
374
375
378
379
380
381
382
384
385
386
387
388
389
391
392
393
396
397
398
400
401
402
404
405
406
407
408
409
410
411
413
417
421
424
425
428
429
430
431
433
438
439
440
441
442
444
445
446
451
452
454
456
459
461
462
464
465
466
467
472
476
478
480
481
482
483
484
486
487
489
490
495
496
497
498
499
500
502
503
504
505
506
507
508
509
512
514
515
516
518
519
520
521
522
523
525
526
528
530
531
533
534
536
537
539
540
541
542
543
545
546
547
550
551
552
553
554
556
557
558
559
560
561
562
564
565
567
569
570
571
572
574
575
576
577
580
582
584
587
589
590
591
592
