0
2
4
5
6
7
8
11
16
17
18
19
26
30
31
34
38
39
41
42
44
47
48
51
53
54
55
56
58
59
61
62
63
69
71
72
75
76
77
78
79
80
81
82
85
87
88
90
91
92
93
94
95
96
98
99
100
102
105
106
108
109
110
111
112
113
114
115
118
121
123
125
127
129
130
132
133
137
138
140
142
143
144
145
146
147
148
149
153
154
155
157
158
160
161
165
166
169
171
172
173
177
182
183
186
188
189
190
191
192
194
195
196
198
200
203
204
205
206
209
212
214
215
217
218
222
223
226
227
228
232
234
238
239
240
243
244
245
246
247
248
249
250
251
252
253
254
257
259
260
261
262
268
271
272
273
279
281
282
283
286
287
288
289
290
291
292
294
296
297
298
302
303
305
306
308
309
311
312
314
316
317
320
321
322
323
324
326
327
328
329
331
332
334
335
336
337
339
340
341
342
343
346
347
348
349
350
351
353
355
357
360
361
362
364
366
367
369
372
373
374
375
378
379
380
381
382
384
385
386
388
389
391
392
393
394
396
397
398
400
401
402
404
406
408
410
411
413
417
418
421
424
425
426
428
429
430
431
433
436
438
439
440
441
442
444
445
446
451
452
454
459
460
461
462
464
465
466
467
468
472
478
480
481
482
483
484
486
487
490
492
495
496
497
498
499
500
502
503
505
506
507
508
509
512
514
515
516
518
520
521
522
523
525
528
530
531
533
534
536
537
539
540
541
542
543
545
546
547
549
552
553
554
557
558
559
560
561
562
564
565
569
570
571
572
575
577
580
582
587
589
591
592
