data_index
1
9
10
12
13
14
15
20
23
24
27
29
35
37
40
49
50
52
57
60
64
66
67
68
70
74
86
89
97
101
104
119
120
122
124
131
134
139
150
151
152
164
167
170
176
178
179
184
185
187
199
201
210
211
213
219
220
225
229
230
231
233
236
241
242
255
256
258
263
264
265
266
267
270
274
275
276
277
278
280
284
295
299
304
307
310
315
318
319
338
345
352
354
356
358
359
363
368
377
387
399
403
405
407
409
412
414
415
419
423
427
432
434
435
437
443
449
456
463
471
473
475
476
477
485
488
489
501
504
510
511
513
517
519
526
532
535
538
548
550
551
555
556
563
567
568
573
574
576
578
581
584
585
586
590
